1 3302
2 3436
3 24850
4 7630
5 17863
6 11789
7 1857
8 22283
9 20607
10 17005
11 7126
12 11054
13 23174
14 19617
15 25170
16 31101
17 15559
18 27131
19 7617
20 10059
21 17530
22 23675
23 13742
24 27752
25 23603
26 11968
27 20888
28 30180
29 30542
30 25140
31 24296
32 30357
33 14282
34 18580
35 5697
36 16234
37 23895
38 10048
39 29644
40 5723
41 14398
42 810
43 29628
44 22566
45 21183
46 9371
47 24220
48 27148
49 19002
50 24560
51 9959
52 10537
53 25123
54 3832
55 17040
56 7081
57 30104
58 24094
59 6370
60 11859
61 30453
62 26656
63 16158
64 21939
65 419
66 7182
67 26561
68 27312
69 22211
70 17282
71 18289
72 1666
73 24251
74 28093
75 15325
76 17002
77 30054
78 32490
79 21659
80 5652
81 5094
82 31953
83 8096
84 27840
85 17404
86 24765
87 19081
88 9482
89 22346
90 28300
91 11041
92 10702
93 17139
94 29684
95 11101
96 8640
97 17506
98 2429
99 29869
100 6410
101 25423
102 29939
103 7289
104 30823
105 22660
106 28289
107 6062
108 20691
109 21350
110 22840
111 10543
112 26558
113 140
114 272
115 22069
116 18221
117 927
118 16524
119 11613
120 26599
121 31668
122 26872
123 31734
124 2274
125 26115
126 25851
127 21446
128 2274
129 15067
130 8931
131 30566
132 28847
133 12451
134 23913
135 9758
136 2203
137 31789
138 3096
139 13493
140 4238
141 26672
142 24987
143 11076
144 5724
145 12113
146 4338
147 5741
148 22215
149 16101
150 21322
151 21312
152 13244
153 15332
154 2815
155 29323
156 7511
157 20696
158 16262
159 6023
160 16379
161 13732
162 25313
163 16787
164 16306
165 32185
166 11966
167 20079
168 2393
169 26020
170 2667
171 4108
172 8422
173 832
174 27729
175 30584
176 31412
177 31219
178 22259
179 3434
180 24639
181 28439
182 31704
183 10773
184 25829
185 6080
186 27274
187 18119
188 24169
189 20807
190 16075
191 6929
192 3850
193 2603
194 15367
195 31858
196 14258
197 11250
198 14174
199 370
200 31966
